# Created by Octave 7.2.0, Sun Jun 25 18:14:33 2023 GMT <unknown@LAPTOP-QT2ONOCT>
# name: w1
# type: matrix
# rows: 15
# columns: 5
 0.027311574818898277 0.13450702607201873 0.12988794491297756 0.017010499310469052 0.13369086800548477
 0.068742287238477306 0.14070254589224326 0.05148863710940197 0.079785063768145148 0.19732633679910019
 0.025054235366690537 0.13655160976466277 0.081243493259933477 0.042374017022657084 0.078182417868820991
 0.051947927956618178 0.019883319478552198 0.0023473314495831678 0.13273162740158556 0.19285527654764703
 0.057410979941673039 0.064456233241021121 0.03449972131584824 0.073289304332670155 0.11674444032910439
 0.087458080141310804 0.19814359510006882 0.0050511383846270743 0.15228636180621449 0.16084980576297517
 0.036428953745059327 0.037047284581192601 0.18820063463425357 0.12643653809078517 0.036565892857865136
 0.043408573643863725 0.036067893914561444 0.024041824034934489 0.12860338002507829 0.1726718563634439
 0.066341916209931559 0.11446000860996304 0.18683214211079566 0.089521025576391217 0.08926913818765142
 0.14868453100328902 0.07857588445746494 0.070630301060654363 0.060207891711555009 0.17200372558538646
 0.14477131319386835 0.095841364283065986 0.14516839483085422 0.059445344869912868 0.12884892369056097
 0.069446453841912489 0.0082354297904877471 0.037968967873539095 0.1305858676333474 0.029668416222299612
 0.10512933595423009 0.091424314973299114 0.13008869327377376 0.085756701051500489 0.17799449804474876
 0.10793818778421205 0.1296263264941617 0.15635718481085503 0.1271041981120182 0.17519781131463166
 0.13980860104031786 0.089756491279896586 0.19540058210684474 0.17084932140621867 0.029854920911621965


# name: w2
# type: matrix
# rows: 3
# columns: 16
 0.038288264955105511 0.16056835365591679 0.1401168088873927 0.045353139474016868 0.048774154187456169 0.17043891188804181 0.044154035352918092 0.14608501535755566 0.18619980669976458 0.13557726240511622 0.17027930254805709 0.038347223318000535 0.17241304374906508 0.01504866066123578 0.15011494567263284 0.092358434756730098
 0.16057049352495492 0.011422903277922459 0.16868529896132534 0.139923639637792 0.12136226148288021 0.036301093688497391 0.11750016672485977 0.14306569626914184 0.081400149393687629 0.1250698692595654 0.014927459664476884 0.12236591976515834 0.026643224442257175 0.16336044430318886 0.029904966392505995 0.10299808691081117
 0.084076398574016151 0.19442373858340292 0.13997542623168874 0.061074655181400851 0.082068650996652309 0.14725839940775473 0.18398193890416098 0.16024766634557025 0.00068390772062369991 0.15837293863084148 0.073601929526746712 0.13003570011728557 0.15142251318456815 0.029613196480098192 0.13091999778309504 0.12315300556265021


