# Created by Octave 7.2.0, Sun Jun 25 17:38:52 2023 GMT <unknown@LAPTOP-QT2ONOCT>
# name: w1
# type: matrix
# rows: 15
# columns: 5
 0.11792433168213685 0.1744545737224622 0.12125333019439073 0.041220312950813631 0.0078406787586935874
 0.14768871557568661 0.027680548237195502 0.1313292212666724 0.14686112933883863 0.13274154100051863
 0.069189989276150429 0.055991334845532183 0.17607160611659134 0.01400119647119278 0.19060613375184524
 0.17729009464809464 0.089320237977655523 0.037376024820674834 0.18547302746116684 0.16794189936640219
 0.16338184495430108 0.12899358976610426 0.17689925710202481 0.0017219547288157778 0.16400644757272065
 0.0080726420997790493 0.13376014721752288 0.14847855171952518 0.16600057324975911 0.17109566442971805
 0.029623464170150871 0.19998873139473355 0.012344333550500665 0.054360053400566627 0.033781963023431553
 0.18829892385410099 0.19407802052991416 0.13614593328367275 0.13855403306504299 0.11450524288917421
 0.15013445015042151 0.10069901931414103 0.13946422220372665 0.18556834899827307 0.078127674761255539
 0.053425682100923425 0.048108676707573489 0.089013886558731284 0.023061131647042557 0.037918833491246584
 0.18313012520133176 0.17930574181845993 0.060529049049383901 0.11755969004057215 0.10910590390284625
 0.04248486368487199 0.0069658018897076797 0.038011515215513186 0.089087160508501018 0.046416145449120517
 0.098849655841786163 0.032520855983685662 0.042008023838702863 0.15764578653710337 0.063195318744781195
 0.07868263309290896 0.17746525156067192 0.095975098008514115 0.049510131015226701 0.015137348656893469
 0.13362445742919235 0.12816928564088517 0.020500967633341083 0.11245305702431044 0.021965345019417895


# name: w2
# type: matrix
# rows: 3
# columns: 16
 0.016428197503478816 0.13247446004725835 0.16675253883454011 0.19804797816523426 0.1997429125093908 0.12547731820868108 0.19093329638981796 0.14801553264138079 0.055689887034236607 0.19218732341549222 0.10811683981243414 0.061104644033832006 0.1157112258345781 0.16453737916498337 0.12378946050630796 0.085348634868721823
 0.044004637004202832 0.094624851858968725 0.13127559023029572 0.0005600193249005736 0.12488553260699975 0.15109479036348358 0.051176426160780088 0.022117428737442379 0.085095833236765492 0.13480244322204155 0.048644583155003265 0.071394415460928465 0.169446437210931 0.016171737961850254 0.076048283765268579 0.1278529813949896
 0.036602236503368184 0.02673599003349432 0.0090213544909108385 0.079035522125382215 0.17320984511742973 0.096141407994481287 0.13217672791160673 0.17254239746295752 0.18856789707792562 0.032737776479020965 0.15640893326781935 0.11054557527199976 0.18108532862693716 0.17969895190339447 0.16371462824379385 0.17795842201575782


