# Created by Octave 7.2.0, Sun Jun 25 18:01:10 2023 GMT <unknown@LAPTOP-QT2ONOCT>
# name: w1
# type: matrix
# rows: 15
# columns: 5
 0.16178327415480567 0.079797852790368537 0.09828473191117866 0.019343775645283025 0.1921594541151917
 0.00029589974910497756 0.19068138735898307 0.10121675813626115 0.083383316298524524 0.11063997121544911
 0.086115152013553492 0.094980344402391392 0.023486496544351157 0.07474856527269369 0.036474788004352776
 0.070138141162146853 0.16542579250965841 0.19057339111665539 0.076466265853043891 0.13080677203114763
 0.084914082315252715 0.023054466434070855 0.059964762061537537 0.060633295872838791 0.1352940011838602
 0.17799556440901021 0.075531810790454817 0.069618612554529752 0.022920290157417058 0.067567140695924385
 0.11383302588808127 0.15856838048672267 0.010808350760007924 0.10435370036399333 0.19402949016640336
 0.042596106349549245 0.10465560470802759 0.18037839977699613 0.17534577947561653 0.050909595179340864
 0.053145361339925978 0.051543956103343863 0.13740002834057349 0.028748587548824478 0.12007363797354254
 0.071708856431869847 0.075981707874883592 0.12353365857354358 0.065513321513274339 0.17584554484348053
 0.15532702340098514 0.11867342162917734 0.19575201089799152 0.066222985167551721 0.15327226213799686
 0.09471755869503927 0.037184170894237825 0.13529716733895633 0.04176729880933705 0.090575101842134562
 0.13581125208969114 0.067646796948899635 0.10424738226090842 0.064769690942215671 0.18937117676874679
 0.18148824552673207 0.071876748062885978 0.19065862222764776 0.098633482794330096 8.5617992762854207e-06
 0.13147718491419774 0.091575178626496778 0.088769281123782739 0.17873298383527769 0.12784673940947169


# name: w2
# type: matrix
# rows: 3
# columns: 16
 0.102518437316275 0.1404166059474746 0.11573006969601214 0.081707728239158561 0.099446273620474201 0.17356229320525784 0.19345319482514423 0.0079489448199517865 0.19397817675197859 0.014099411018182817 0.11565799720967114 0.096861215113711596 0.178896061268941 0.043497785193126394 0.060703335041510736 0.073981187154192468
 0.11223482115161831 0.17238717887726221 0.18806019396990958 0.12152221186816098 0.11217235678091031 0.17450022262260967 0.087987171799688166 0.12002338339537362 0.16491938788712268 0.002953901286871763 0.015600162599531743 0.13039842453129441 0.019205633355386144 0.018989917640477662 0.034355509532909091 0.13276755422911582
 0.034004461139471108 0.11878937329860513 0.16068419357480185 0.19030212309842334 0.1733211531659006 0.094939118140536752 0.15547342213916598 0.16876596130648852 0.080345020322989458 0.0082856793136232513 0.011783917460358362 0.079687997304220035 0.037191931201088504 0.025503167076529578 0.11149216469556048 0.10523134172439519


